Result Log
Number of Runs: Number of Evaluations per Run: 10000
Population Size: 75
maxDepth: 6
Initial Survival Strat:Plus
Result Log
Run #: 1
100	-2.9644263588246793E35	-279.0984550722	35	0
200	-5.8549654565654885E28	-279.0984550722	18	1
300	-800.2465736974855	-279.0984550722	14	1
400	-1.849007287142549E54	-279.0984550722	16	1
500	-1.5083604263191202E54	-279.0984550722	14	1
600	-4.1392836217391486E58	-279.0984550722	13	1
700	-2.1330080703396808E30	-279.0984550722	16	1
800	-4.933769538339268E44	-279.0984550722	13	1
900	-1.669011047099941E49	-279.0984550722	15	1
1000	-2.349739291580375E40	-279.0984550722	20	1
1100	-2.4346583025068287E59	-279.0984550722	15	1
1200	-1.4062659500007835E24	-279.0984550722	16	1
1300	-4.064074074205819E59	-279.0984550722	11	1
1400	-2.8500323253349213E24	-279.0984550722	13	1
1500	-9.95919462800468E30	-279.0984550722	19	1
1600	-3.721213455942883E31	-279.0984550722	16	1
1700	-1.631935932553808E62	-279.0984550722	23	1
1800	-5.956682240090854E29	-279.0984550722	15	1
1900	-3.5261230761171767E50	-279.0984550722	17	1
2000	-5.625063800003134E24	-279.0984550722	16	1
2100	-9.589573792445558E73	-279.0984550722	16	1
2200	-3.46441421114227E10	-279.0984550722	14	1
2300	-1.4250161626674607E24	-279.0984550722	17	1
2400	-3.356996623344383E50	-279.0984550722	17	1
2500	-2.631681964088086E54	-279.0984550722	15	1
2600	-1.707686691744768E34	-279.0984550722	16	1
2700	-1.0091982464695247E31	-279.0984550722	13	1
2800	-7.14093327724243E24	-279.0984550722	19	1
2900	-1.2268102161678056E31	-278.68957154144175	28	1
3000	-5.576378170832691E19	-239.34697209776945	57	0
3100	-291.55848628112057	-233.96116755693046	38	0
3200	-238.52657237038022	-232.8012360414652	14	1
3300	-241.11478674884341	-225.83444864816036	17	0
3400	-8.409732340182472E21	-224.4314932383154	47	0
3500	-363.104582258933	-224.39256785843355	31	0
3600	-231.82112183257948	-224.37014233022217	31	0
3700	-231.17137653646967	-224.363615011967	14	1
3800	-228.77921736506713	-223.83011802825052	15	1
3900	-617.2385727204004	-224.36994747037346	13	1
4000	-254.46066916956042	-224.364601443124	20	0
4100	-233.26370410208673	-224.36994747037346	28	0
4200	-235.08157576133522	-224.36308387826398	31	0
4300	-283.12868231178646	-224.1311115633601	43	0
4400	-1.2825145464007147E25	-224.1311115633601	51	0
4500	-1.4250734079306505E24	-223.401949827987	56	0
4600	-1.9022822941767414E33	-216.83780699660008	47	0
4700	-236.94467669895354	-216.83780699660008	25	0
4800	-223.22971425279107	-216.83780699660008	17	0
4900	-254.71450163033967	-216.81962517841822	18	0
5000	-235.56784322765458	-216.29664884508867	36	0
5100	-219.7541973496812	-215.94993856980034	17	0
5200	-237.56862770279093	-216.15707571688492	18	0
5300	-5.849246161613659E45	-216.15707571688492	50	0
5400	-221.2737598956078	-216.15707571688492	13	1
5500	-4.819115145247745E32	-216.15707571688492	39	1
5600	-229.80238959177916	-215.84372516803336	11	1
5700	-348.1538003332312	-215.7780893001382	49	0
5800	-223.63808569990132	-215.7780893001382	16	0
5900	-1.4250161626674607E24	-215.7780893001382	46	0
6000	-4.7557057354418536E32	-215.7780893001382	47	0
6100	-2.853423441265112E33	-215.7780893001382	49	0
6200	-260.1260674985713	-215.7780893001382	38	0
6300	-242.73049558898566	-215.7780893001382	28	0
6400	-242.48638213627564	-215.7780893001382	21	0
6500	-221.84153073246333	-215.7780893001382	21	0
6600	-216.64639528369844	-215.7780893001382	7	1
6700	-7.138885082082811E32	-215.7780893001382	46	0
6800	-222.34177539341442	-215.7780893001382	11	1
6900	-246.54777103560374	-215.7780893001382	35	0
7000	-222.21651365214848	-215.7780893001382	32	0
7100	-265.6802461882633	-215.7780893001382	46	0
7200	-228.89486324826493	-215.7780893001382	20	0
7300	-232.11576179737733	-215.7780893001382	32	0
7400	-1.4250161626674607E24	-215.7780893001382	43	0
7500	-1.4062659500007835E24	-215.7780893001382	42	1
7600	-225.1510559430881	-215.7780893001382	28	0
7700	-240.42034519450743	-215.7780893001382	31	0
7800	-226.24485939534682	-215.7780893001382	12	1
7900	-2.3778528677209268E32	-215.7780893001382	47	0
8000	-2.6632394600148457E30	-215.7780893001382	48	0
8100	-2.4095575726238725E32	-215.7780893001382	44	0
8200	-225.69058715348146	-215.7780893001382	12	1
8300	-257.7235409510233	-215.7780893001382	27	0
8400	-220.73469535309943	-215.7780893001382	20	0
8500	-229.28024756687816	-215.7780893001382	24	0
8600	-221.60532740420265	-215.7780893001382	22	0
8700	-229.217696766692	-215.77338043393362	10	1
8800	-249.5964501098589	-215.7780893001382	38	0
8900	-221.86097105755218	-215.7780893001382	14	1
9000	-1.6866903008367108E33	-215.7780893001382	55	0
9100	-222.05396842593404	-215.7780893001382	11	1
9200	-225.28709709497204	-215.7780893001382	22	0
9300	-229.49507839931695	-215.7780893001382	20	0
9400	-532.7373337198302	-215.7780893001382	44	1
9500	-243.22033196724635	-215.7780893001382	29	0
9600	-224.46991480558222	-215.7780893001382	19	0
9700	-231.58139976902734	-215.7780893001382	16	0
9800	-2.4095575726239712E32	-215.7780893001382	52	0
9900	-235.5945797939318	-215.7780893001382	12	1
10000	-244.4700184004825	-215.7780893001382	17	0
Run #: 2
100	-9.003582954992191E14	-278.4059796036546	29	1
200	-192.47231334106226	-186.9733062583771	29	0
300	-182.12452072084398	-178.8590655482304	10	1
400	-186.54852231304764	-178.55687922085022	14	1
500	-3.5782426473327995E39	-171.6081235363383	46	0
600	-1.4250161626674607E24	-171.1917356144671	56	0
700	-6.2542957349329934E29	-170.3425537305644	47	0
800	-2.280907681916911E14	-157.17339070364284	14	1
900	-246.30459998991836	-156.2797066474427	45	0
1000	-186.93238014413572	-156.19138269383458	14	1
1100	-1.7193611656741391E22	-156.10381153543585	41	0
1200	-167.55867795049215	-156.10288727372944	24	0
1300	-1.7788585421990581E30	-149.8896678739023	55	0
1400	-160.66138225256873	-148.35052221153805	25	0
1500	-1.4062659500007835E24	-139.50410516059856	43	1
1600	-151.60082764589896	-139.14258216247822	34	0
1700	-138.22993300157398	-133.7912883396656	17	0
1800	-148.71495622925826	-132.2934770474418	26	0
1900	-149.98906544534623	-132.12932262789946	27	0
2000	-138.3956328593791	-131.43316632224176	9	1
2100	-160.90256945089152	-130.83361853189922	37	0
2200	-8.254169385590515E36	-130.83361853189922	47	0
2300	-139.1559839920506	-130.83361853189922	16	0
2400	-1449.1191563227337	-130.83361853189922	51	0
2500	-144.06994413032245	-130.83361853189922	32	0
2600	-132.38442127816583	-130.83361853189922	9	1
2700	-3.9846481465958376E30	-130.83361853189922	50	0
2800	-163.92087163880862	-130.83361853189922	16	0
2900	-158.90078364569808	-130.83361853189922	43	0
3000	-135.1740918635641	-130.8134825224959	9	1
3100	-646.7655873973517	-130.77981982570404	51	0
3200	-142.57338993276923	-130.77981982570404	10	1
3300	-134.66876898759972	-130.77981982570404	9	1
3400	-730.5994389654647	-130.77981982570404	47	0
3500	-617.7214665847961	-130.77847188665368	43	1
3600	-3.9846481465958376E30	-130.77847188665368	43	1
3700	-168.23836142620124	-130.77847188665368	46	0
3800	-181.6811336499273	-130.77847188665368	37	0
3900	-133.2301500132908	-130.77847188665368	14	1
4000	-143.73986363602364	-130.77847188665368	17	0
4100	-157.53714891602033	-130.77847188665368	22	0
4200	-153.05345122016172	-130.77847188665368	25	0
4300	-145.04423051392791	-130.77847188665368	18	0
4400	-150.393239345789	-130.77847188665368	35	0
4500	-160.73510467780213	-130.77847188665368	30	0
4600	-137.34827557727982	-130.77480469278817	17	0
4700	-542.7599479284293	-130.77480469278817	51	0
4800	-256.59153510181307	-130.77480469278817	41	1
4900	-320.56101735179044	-130.77480469278817	31	0
5000	-148.97237166212878	-130.77480469278817	32	0
5100	-141.34791818993514	-130.77480469278817	26	0
5200	-155.87578111378332	-130.77480469278817	39	0
5300	-1.4062659500007835E24	-130.77480469278817	42	1
5400	-3.9846481465958376E30	-130.77480469278817	48	0
5500	-132.8818446374365	-130.77480469278817	7	1
5600	-454.13544637171884	-130.77480469278817	47	0
5700	-136.0759195619309	-130.753035225283	14	1
5800	-1871.3530946827475	-130.77480469278817	54	0
5900	-2.1688686002911314E45	-130.77480469278817	35	1
6000	-1.8236498188585408E17	-130.77480469278817	32	0
6100	-146.13069345882414	-130.77480469278817	37	0
6200	-3.769084911948689E31	-130.77480469278817	35	0
6300	-135.83096787183726	-130.77480469278817	10	1
6400	-141.595931744127	-130.77480469278817	17	0
6500	-141.22546394613414	-130.77480469278817	27	0
6600	-139.83283180955513	-130.77480469278817	16	0
6700	-1.4250161626674607E24	-130.77480469278817	39	0
6800	-133.65859908131787	-130.77480469278817	14	1
6900	-720.1241169031739	-130.77480469278817	47	0
7000	-318.75698996579933	-130.77480469278817	22	0
7100	-153.23567410248978	-130.77480469278817	17	0
7200	-1.4250161626674607E24	-130.77480469278817	45	0
7300	-140.7723492541078	-130.77480469278817	25	0
7400	-1.4250161626674607E24	-130.77480469278817	47	0
7500	-145.98294071361101	-130.77480469278817	13	1
7600	-133.0643267829851	-130.77480469278817	14	1
7700	-6.973583504923558E7	-130.77480469278817	27	0
7800	-337.1641462666776	-130.77480469278817	24	0
7900	-717.423158941467	-130.77480469278817	31	0
8000	-1.5184834269960712E14	-130.77480469278817	54	0
8100	-137.4115778230002	-130.77480469278817	8	1
8200	-135.65979068001957	-130.77480469278817	9	1
8300	-135.4100682630761	-130.77480469278817	13	1
8400	-135.88599683307945	-130.77480469278817	9	1
8500	-325.6660166908263	-130.77480469278817	35	0
8600	-1.4250161626674607E24	-130.77480469278817	51	0
8700	-143.53032412742903	-130.77480469278817	26	0
8800	-147.6453258109173	-130.77480469278817	31	0
8900	-141.079516820953	-130.77480469278817	14	1
9000	-135.35487612509087	-130.75300176421206	7	1
9100	-141.02699270047356	-130.747449864334	17	0
9200	-405.60505473360564	-130.747449864334	39	1
9300	-130.35711473980592	-120.98129579372325	27	0
9400	-311.5025987833941	-120.98129579372325	18	0
9500	-536.0573084147542	-119.66426274639167	38	1
9600	-127.98246078933269	-119.62594221566047	14	1
9700	-132.82356740123424	-119.5329354135776	11	1
9800	-450.58444175842044	-119.33078592360904	33	0
9900	-519.5982435218851	-119.28294576574551	52	0
10000	-164.67099351665502	-119.27311880669957	35	0
Run #: 3
100	-1.326142689977201E188	-276.1416071267523	38	1
200	-1.734411097673845E8	-232.1629673034405	19	0
300	-233.75423129169727	-223.57193813260776	9	1
400	-225.88392734959436	-221.0164061452135	14	1
500	-270.5459941849011	-221.01208382023447	15	1
600	-227.0426654160421	-221.00937136545244	20	0
700	-214.88955903495255	-211.1388146370764	17	0
800	-1.4250161626674607E24	-194.74278468396872	48	0
900	-215.04825391464038	-194.08642924473926	22	0
1000	-214.83040336236348	-193.71315757838113	13	1
1100	-1.543174220318777E11	-193.5074456579651	41	1
1200	-6.666152216979916E51	-193.46414959041832	41	1
1300	-528.568923407202	-193.4381850755484	47	0
1400	-274.4592354083367	-193.4381850755484	38	1
1500	-202.41222273467753	-193.2450378181245	26	0
1600	-209.73702339848435	-193.2450378181245	13	1
1700	-222.39666279805485	-193.24500843796844	18	0
1800	-196.9070630187559	-193.10307049093856	14	1
1900	-200.10635933958557	-193.06004535359116	19	0
2000	-204.67300513931198	-193.06004535359116	27	0
2100	-230.59757119664036	-193.06004535359116	28	0
2200	-219.98586563478094	-193.06004535359116	45	0
2300	-325.58689015189833	-193.06001597324322	46	0
2400	-196.09202121754979	-193.05960128645313	16	0
2500	-207.38738126680727	-192.29954878017313	20	0
2600	-195.76862608082342	-192.23566902159612	14	1
2700	-208.7451796339995	-192.23566902159612	29	0
2800	-3.9475545022259233E49	-192.23566902159612	46	0
2900	-197.16177085743203	-192.23566902159612	17	0
3000	-373.64723314221607	-192.23566902159612	47	0
3100	-1.1955600204212475E10	-192.23566902159612	37	0
3200	-373.25998256913863	-192.23566902159612	47	0
3300	-296.7216574703541	-192.23566902159612	43	1
3400	-201.51461344187774	-192.23566902159612	21	0
3500	-191.708472581437	-163.9941261597224	30	0
3600	-220.19872603465643	-157.79094901563744	43	0
3700	-207.33945648328879	-156.48477217047298	39	0
3800	-3.497905560319814E23	-156.48477217047298	20	0
3900	-1.809370926524647E29	-156.48477217047298	46	0
4000	-1.7997509952559168E23	-156.48477217047298	42	0
4100	-1.0339449073094398E8	-156.48477217047298	25	0
4200	-1.4250161626674607E24	-152.8657759637072	41	0
4300	-201.2678818954606	-152.12797472885944	27	0
4400	-5.9850678832033346E25	-152.12797472885944	50	0
4500	-172.54860188627094	-152.07796713553043	25	0
4600	-165.43852667549433	-152.07796713497245	24	0
4700	-163.995688901608	-152.07796713497245	19	0
4800	-160.00852902409187	-152.07796713497245	15	1
4900	-199.80331495968724	-151.25146436835382	31	0
5000	-188.31760015817028	-151.25146436835382	22	0
5100	-159.89181639574971	-151.25146436835382	21	0
5200	-5.179067051762509E27	-151.23969432085426	23	0
5300	-2.3922281038448826E25	-150.54523853715216	46	0
5400	-5941.761475982986	-150.5452290794483	46	0
5500	-1058.84150868055	-150.52911350690945	48	0
5600	-1683.4611409866845	-150.4548473895317	43	1
5700	-166.05159940272202	-150.4548473895317	19	0
5800	-1.5265723443669713E27	-150.36757308154046	54	0
5900	-226.14316997456228	-144.58066926658594	24	0
6000	-156.0809442413236	-140.9300307528669	29	0
6100	-157.8846699483452	-137.73020695253163	11	1
6200	-2.4622930337377526E30	-137.28768616889136	33	0
6300	-7.787656216683633E29	-137.28768616889136	45	0
6400	-7.098477660730574E67	-137.22882158669177	50	0
6500	-143.47005456912578	-137.22463978769608	16	0
6600	-161.93107507116895	-137.22463978769608	20	0
6700	-1.7158930531388016E14	-137.22463978769608	46	0
6800	-383.392565719552	-137.22463978769608	34	0
6900	-142.10121347838796	-136.53718812378196	20	0
7000	-1.2825145464007147E25	-136.53718812378196	46	0
7100	-155.54649422314566	-136.53718812378196	8	1
7200	-9.690197110754275E25	-136.53718812378196	34	1
7300	-166.8751436650215	-136.53718812378196	36	0
7400	-456.22877067867154	-136.53718812378196	25	0
7500	-182.16941316199774	-136.53718812378196	40	0
7600	-729.3746690226951	-136.53718812378196	47	0
7700	-4.242985513964731E54	-136.53718812378196	20	0
7800	-151.14848839585989	-135.16816484175538	10	1
7900	-143.5544520555237	-132.8821391833702	19	0
8000	-259.13351917349013	-132.8821391833702	35	1
8100	-154.73013188524575	-132.8821391833702	24	0
8200	-9.352062701844349E23	-132.33091390431582	41	1
8300	-5.290440708839802E23	-132.33091390431582	42	1
8400	-371.8005840465728	-132.33091390431582	42	1
8500	-294.99260051178	-132.33091390431582	39	1
8600	-2.5091812231651E11	-132.33091390431582	31	0
8700	-160.8409849696495	-132.33091390431582	15	1
8800	-5.8967783157202568E16	-132.33091390431582	34	1
8900	-926.544068977591	-132.33091390431582	46	0
9000	-159.4504967337026	-132.33091390431582	29	0
9100	-154.1645313560886	-132.33091390431582	11	1
9200	-965.7511589380342	-132.33091390431582	35	1
9300	-1.4250161626674607E24	-132.33091390431582	20	0
9400	-135.4946917990539	-131.6385256974956	12	1
9500	-227.9753947153375	-132.33091390431582	33	0
9600	-146.300677150251	-132.33091390431582	12	1
9700	-4.5315264750352655E32	-132.33091390431582	49	0
9800	-148.11133742555057	-132.33091390431582	19	0
9900	-6.542724149018221E22	-132.33091390431582	46	0
10000	-158.31094794716523	-132.33091390431582	17	0
Run #: 4
100	-3.7015867125633044E52	-279.0984550722	26	0
200	-354.60691269075187	-279.0984550722	11	1
300	-2.607078058404347E72	-279.0984550722	21	1
400	-8.111824360287718E56	-279.0984550722	15	1
500	-1430.7461897528042	-279.0984550722	15	1
600	-2.795354659493469E41	-279.0984550722	10	1
700	-3.919445476430877E31	-279.0984550722	12	1
800	-2.812531900001567E24	-279.0984550722	16	1
900	-2.154738272449343E31	-279.0984550722	12	1
1000	-2.3840248948340812E32	-279.0984550722	14	1
1100	-2.850032325563012E24	-279.0984550722	14	1
1200	-1.1542197982626392E33	-279.0984550722	14	1
1300	-7.541802131595601E53	-279.0984550722	20	1
1400	-1.1119312459518172E49	-279.0984550722	14	1
1500	-248.08188570764256	-232.22867712489514	8	1
1600	-2.133498973249187E25	-196.72389823309987	46	0
1700	-1.0258129540200876E48	-180.86107745479705	47	0
1800	-174.7893912490248	-149.70335834658582	13	1
1900	-179.3023405981801	-143.1409981475318	20	0
2000	-224.63055678802158	-130.20133961739626	32	0
2100	-469.20805717794013	-130.20133961739626	34	0
2200	-184.5840216326399	-130.20133961739626	19	0
2300	-296.9965089400658	-130.20133961739626	28	0
2400	-31273.256421033777	-130.20133961739626	50	0
2500	-147.2203062421881	-130.20133961739626	17	0
2600	-320.1827371044753	-130.20133961739626	45	0
2700	-274.7804193289596	-130.20133961739626	27	0
2800	-557.7536545237655	-130.20133961739626	35	0
2900	-140.3584642528216	-130.20133961739626	12	1
3000	-142.5299993836428	-130.20133961739626	10	1
3100	-8.727051876645733E27	-129.26794050734068	44	1
3200	-177.78509281187013	-128.8002991782475	26	0
3300	-5172.888826790958	-128.7961075971641	50	0
3400	-151.4890743398675	-128.7961075971641	16	0
3500	-2.6898828321992543E23	-128.7961075971641	51	0
3600	-349.1233932417184	-128.7961075971641	42	0
3700	-294.96474937487636	-128.6757361100902	43	0
3800	-5.309573408890754E31	-128.6757361100902	46	0
3900	-1.691979190424165E33	-127.89720089150653	50	0
4000	-508.93367424413657	-127.65622737703906	31	0
4100	-394.83568357765085	-127.65622737703906	40	0
4200	-156.4463220917004	-127.65622737703906	19	0
4300	-2.939699467762198E27	-127.65622737703906	44	1
4400	-158.1296347738923	-127.65622737703906	7	1
4500	-342.7858966296457	-127.65622737703906	39	0
4600	-880.2382410809154	-127.65622737703906	40	0
4700	-194.79978221809628	-124.77335551454249	23	0
4800	-1679.4874417289902	-124.77335551454249	44	1
4900	-6.729035847329593E29	-119.5456625447736	42	1
5000	-137.36917058966546	-119.5456625447736	13	1
5100	-145.72716024061867	-118.96473978917388	15	1
5200	-148.55813612334873	-118.96473978917388	11	1
5300	-133.79828693533727	-118.96473978917388	13	1
5400	-7.067895691402443E23	-118.96473978917388	43	1
5500	-1131.8191399869593	-118.96473978917388	43	1
5600	-1.3341463253551407E28	-118.96473978917388	51	0
5700	-202.64066692542974	-118.96473978917388	15	1
5800	-161.50158132997888	-118.96473978917388	22	0
5900	-159.98070367628773	-118.96473978917388	22	0
6000	-10392.617861999555	-118.96473978917388	49	0
6100	-6.610192075222383E36	-118.96473978917388	52	0
6200	-178.83750556571948	-118.96473978917388	25	0
6300	-1.1678273687021956E24	-118.96473978917388	45	0
6400	-6981.081262112355	-118.96473978917388	40	0
6500	-226.56015590060207	-118.96473978917388	36	0
6600	-161.68926858739533	-118.96473978917388	12	1
6700	-284.587211607134	-118.96473978917388	13	1
6800	-1.3913136273209662E13	-118.96473978917388	42	1
6900	-3.6239391978871646E9	-118.96473978917388	46	0
7000	-162.7336564260271	-118.96473978917388	18	0
7100	-162.35351391988036	-118.96473978917388	10	1
7200	-166.8020341896128	-118.96473978917388	12	1
7300	-292.82166472333813	-118.96473978917388	34	0
7400	-304.9151503544598	-118.96473978917388	32	0
7500	-7.067895691402443E23	-118.96473978917388	44	1
7600	-3.7934304090719184E23	-118.96473978917388	46	0
7700	-3.5529773435973304E23	-118.96473978917388	42	1
7800	-250.88225893547525	-118.96473978917388	36	0
7900	-554.525755562387	-118.96473978917388	20	0
8000	-377.95765025987544	-118.96473978917388	10	1
8100	-140.4920557941394	-118.96473978917388	16	0
8200	-8.275118643622759E25	-118.96473978917388	51	0
8300	-2.675887898924089E24	-118.96473978917388	49	0
8400	-4.9413576386134455E56	-118.96473978917388	48	0
8500	-161.77067461081322	-118.96473978917388	17	0
8600	-1.8971038049654133E27	-118.96473978917388	54	0
8700	-7.534175222480983E37	-118.96473978917388	55	0
8800	-488.15814440676536	-118.96473978917388	29	0
8900	-210.55963574898254	-118.96473978917388	21	0
9000	-136.06751158801393	-118.96473978917388	13	1
9100	-3.503482106106587E24	-118.96473978917388	42	1
9200	-154.62425508563845	-118.96473978917388	13	1
9300	-171.37632912386655	-118.96473978917388	14	1
9400	-1.3519349430265427E28	-118.96473978917388	9	1
9500	-4810.729935970344	-118.96473978917388	46	0
9600	-147.4788819626211	-118.96473978917388	14	1
9700	-130.03139201136722	-118.96473978917388	7	1
9800	-2.0262904578702484E10	-118.96473978917388	46	0
9900	-3.9868437430256316E40	-118.96473978917388	40	1
10000	-136.05199462477847	-118.96473978917388	24	0
Run #: 5
100	-1.1899118097433326E9	-270.73505070882504	38	0
200	-378.7329670798968	-227.6663669520018	32	0
300	-234.50892593912513	-219.10802000078672	32	0
400	-1.6503817496887747E26	-216.3112843927278	59	0
500	-737.1545910473953	-214.92075202868634	52	0
600	-222.9951980850382	-213.03891103669898	20	0
700	-226.92865108639535	-211.16746103309714	13	1
800	-433.37170428580214	-211.07381599569464	53	0
900	-216.57304376285148	-209.8460205725701	18	0
1000	-233.68416700891913	-201.47867993028348	15	1
1100	-325.69207023718553	-199.48189294712	45	0
1200	-2.452678861685475E31	-199.48189294712	34	0
1300	-217.49535840523134	-199.48189294712	25	0
1400	-249.10681541005135	-199.48189294712	38	0
1500	-1.2412130312965452E15	-199.46793368682253	54	0
1600	-210.18379655098803	-199.19227449833275	29	0
1700	-211.95658413028906	-199.43813830615142	32	0
1800	-199.10855042853606	-196.92885457516232	13	1
1900	-341.339883742847	-196.79194246297973	34	0
2000	-211.91938612340437	-196.79194246297973	18	0
2100	-203.75393164409905	-195.35423740978106	16	0
2200	-423.5067317616054	-194.64176191860668	48	0
2300	-207.26958052992606	-194.64176191860668	24	0
2400	-570.6769592733798	-194.64176191860668	43	1
2500	-201.55255465925796	-194.64176191860668	23	0
2600	-221.4476936514001	-193.63603800892741	37	0
2700	-201.87573585313024	-193.63246637649732	11	1
2800	-223.70943195738573	-193.63246637649732	40	0
2900	-227.04695699012052	-193.63246637649732	24	0
3000	-2.4095575868740345E32	-193.63246637649732	50	0
3100	-1069.8260673975335	-193.63246637649732	51	0
3200	-2.812531900001567E24	-193.6016839799849	53	0
3300	-1.4250161626674607E24	-193.6016839799849	42	1
3400	-220.24052065912682	-193.6016839799849	42	0
3500	-199.34731395201237	-193.6016839799849	18	0
3600	-195.11965681314385	-193.3858407145259	11	1
3700	-293.6947683399417	-192.94787192849338	36	0
3800	-196.56426851987624	-192.94787192849338	11	1
3900	-235.6571562264588	-192.94787192849338	14	1
4000	-199.8987985311284	-192.94017853635054	13	1
4100	-200.00707345137124	-192.94017853635054	12	1
4200	-219.82425901176126	-192.94017853635054	40	0
4300	-205.0631138410286	-192.94017853635054	18	0
4400	-227.6862471884963	-192.94017853635054	35	0
4500	-1.4174884181203317E24	-192.94017853635054	46	0
4600	-233.95590905609328	-192.94017853635054	34	0
4700	-1209.958478836923	-192.94017853635054	51	0
4800	-200.22376170661116	-192.94017853635054	16	0
4900	-5575.120530706944	-192.94017853635054	54	0
5000	-198.3880476597373	-192.94017853635054	14	1
5100	-334.87860409497773	-192.85420669055964	47	0
5200	-214.64054018152265	-192.8418580387231	36	0
5300	-5765.409313028342	-192.45554808618922	46	0
5400	-213.2353691669608	-192.45362203747717	37	0
5500	-200.08294830927676	-192.44991462772134	12	1
5600	-8.412349039292276E47	-192.43945050928824	55	0
5700	-230.200623165904	-192.43945050928824	32	0
5800	-197.4312100573418	-192.43945050928824	11	1
5900	-209.14796596474616	-192.43945050928824	24	0
6000	-215.4550118792586	-192.3996426199692	13	1
6100	-206.97776649194455	-192.39336967077634	16	0
6200	-1600.9084949252767	-192.39336967077634	50	0
6300	-197.07325283288844	-192.39336967077634	13	1
6400	-1324.6490337686319	-192.39336967077634	50	0
6500	-202.1659999150851	-192.3732673343388	18	0
6600	-217.73639818593801	-192.39336967077634	40	0
6700	-17386.997241921817	-192.39336967077634	54	0
6800	-225.73482853073713	-192.39220160104094	30	0
6900	-198.8947723468788	-192.38882482882164	9	1
7000	-225.65839692876423	-192.38882482882164	33	0
7100	-194.17094702005366	-192.38882482882164	8	1
7200	-1.1529690572614292E42	-192.38882482882164	51	0
7300	-200.17627599262445	-192.38882482882164	17	0
7400	-204.57756447318076	-192.38882482882164	10	1
7500	-51531.88128092425	-192.38882482882164	45	0
7600	-353.16528740105076	-192.38882482882164	48	0
7700	-193.8227296432499	-192.38882482882164	10	1
7800	-4.7381940632198855E33	-192.38882482882164	42	1
7900	-206.10065124507813	-192.38882482882164	31	0
8000	-217.54698806312712	-192.38882482882164	44	0
8100	-198.7954797810833	-192.38882482882164	22	0
8200	-198.7609378797337	-192.38450553281467	15	1
8300	-212.81600597568377	-192.38450553281467	26	0
8400	-310.33418723552165	-192.38450553281467	47	0
8500	-1.4250161626674607E24	-192.38450553281467	46	0
8600	-717.6083062936282	-192.38450553281467	32	0
8700	-195.17694456780455	-192.36961426405367	11	1
8800	-1059.9602421710786	-192.36992703569285	46	0
8900	-857.5256383512412	-192.36992703569285	47	0
9000	-1.4250161626674607E24	-192.36992703569285	25	0
9100	-214.39919405959714	-192.36992703569285	35	0
9200	-240.59643890966473	-192.36961426405367	39	0
9300	-17108.68484263498	-192.36961426405367	43	0
9400	-4.750366757256643E21	-192.36961426405367	53	0
9500	-846.3648616145739	-192.36961426405367	50	0
9600	-1.4250161626674607E24	-192.36961426405367	35	0
9700	-198.6052430564812	-192.36961426405367	7	1
9800	-207.8133393845157	-192.36961426405367	21	0
9900	-202.95774001931204	-192.36961426405367	19	0
10000	-205.96979709104812	-192.36961426405367	39	0
